6
6
34
18
35
45
15
4
4
22
35
45
4
21
7
37
5
39
3
6
20
9
44
29
28
44
4
23
37
13
40
34
37
29
37
46
4
8
33
13
40
5
18
37
29
3
46
39
20
31
2
41
41
45
42
30
35
49
20
36
6
6
36
3
43
43
16
13
6
37
26
18
33
45
45
47
40
38
13
17
36
5
6
34
37
35
44
25
2
37
33
4
3
19
47
35
8
5
30
28
34
32
14
8
31
13
4
16
3
49
2
55
35
38
24
36
26
34
30
13
3
5
15
25
18
39
39
42
5
41
38
34
35
4
18
36
11
9
35
7
34
6
4
50
20
2
4
34
26
28
5
24
48
19
52
12
24
35
9
5
5
36
51
42
35
34
9
31
1
18
19
6
28
16
4
3
43
33
8
7
43
31
44
14
33
7
10
7
33
8
8
4
24
33
8
36
42
43
41
25
37
31
24
31
17
33
40
18
15
16
32
13
6
38
40
1
25
15
20
37
5
4
15
23
17
22
14
41
32
20
34
38
35
10
17
18
8
17
16
7
40
29
38
4
23
27
39
20
34
2
5
14
41
36
19
3
26
37
22
6
15
37
27
1
19
43
19
29
39
14
36
35
30
39
17
5
38
43
5
13
35
4
33
48
25
37
5
28
17
24
41
43
48
41
13
23
30
21
41
31
